====================================================================================================
Detailed Report of 2019-04-30
====================================================================================================

Time Slot    Time Period          True         Predicted    Error        MSE          MAE         
----------------------------------------------------------------------------------------------------
0            00:00-00:04          0            5            5            21.34        5           
1            00:05-00:09          0            9            9            81.99        9           
2            00:10-00:14          0            4            4            13.02        4           
3            00:15-00:19          0            2            2            2.27         2           
4            00:20-00:24          0            1            1            1.79         1           
5            00:25-00:29          0            1            1            1.99         1           
6            00:30-00:34          0            1            1            1.79         1           
7            00:35-00:39          0            1            1            1.43         1           
8            00:40-00:44          0            1            1            1.19         1           
9            00:45-00:49          0            1            1            1.14         1           
10           00:50-00:54          0            1            1            1.29         1           
11           00:55-00:59          0            1            1            1.56         1           
12           01:00-01:04          0            2            2            2.95         2           
13           01:05-01:09          0            2            2            3.32         2           
14           01:10-01:14          0            2            2            3.74         2           
15           01:15-01:19          0            2            2            4.10         2           
16           01:20-01:24          0            2            2            4.39         2           
17           01:25-01:29          0            2            2            4.61         2           
18           01:30-01:34          0            2            2            4.78         2           
19           01:35-01:39          0            2            2            4.91         2           
20           01:40-01:44          0            2            2            5.01         2           
21           01:45-01:49          0            2            2            5.10         2           
22           01:50-01:54          0            2            2            5.19         2           
23           01:55-01:59          0            2            2            5.30         2           
24           02:00-02:04          0            2            2            5.42         2           
25           02:05-02:09          0            2            2            5.57         2           
26           02:10-02:14          0            2            2            5.75         2           
27           02:15-02:19          0            2            2            5.96         2           
28           02:20-02:24          0            2            2            6.19         2           
29           02:25-02:29          0            3            3            6.42         3           
30           02:30-02:34          0            3            3            6.62         3           
31           02:35-02:39          0            3            3            6.77         3           
32           02:40-02:44          0            3            3            6.85         3           
33           02:45-02:49          0            3            3            6.88         3           
34           02:50-02:54          0            3            3            6.85         3           
35           02:55-02:59          0            3            3            6.78         3           
36           03:00-03:04          0            3            3            6.66         3           
37           03:05-03:09          0            3            3            6.51         3           
38           03:10-03:14          0            3            3            6.34         3           
39           03:15-03:19          0            2            2            6.14         2           
40           03:20-03:24          0            2            2            5.92         2           
41           03:25-03:29          0            2            2            5.69         2           
42           03:30-03:34          0            2            2            5.44         2           
43           03:35-03:39          0            2            2            5.17         2           
44           03:40-03:44          0            2            2            4.89         2           
45           03:45-03:49          0            2            2            4.61         2           
46           03:50-03:54          0            2            2            4.32         2           
47           03:55-03:59          0            2            2            4.02         2           
48           04:00-04:04          0            2            2            3.72         2           
49           04:05-04:09          0            2            2            3.43         2           
50           04:10-04:14          0            2            2            3.13         2           
51           04:15-04:19          0            2            2            2.85         2           
52           04:20-04:24          0            2            2            2.57         2           
53           04:25-04:29          0            2            2            2.30         2           
54           04:30-04:34          0            1            1            2.05         1           
55           04:35-04:39          0            1            1            1.81         1           
56           04:40-04:44          0            1            1            1.59         1           
57           04:45-04:49          0            1            1            1.39         1           
58           04:50-04:54          0            1            1            1.21         1           
59           04:55-04:59          0            1            1            1.06         1           
60           05:00-05:04          0            1            1            0.93         1           
61           05:05-05:09          0            1            1            0.83         1           
62           05:10-05:14          0            1            1            0.76         1           
63           05:15-05:19          0            1            1            0.72         1           
64           05:20-05:24          0            1            1            0.72         1           
65           05:25-05:29          0            1            1            0.77         1           
66           05:30-05:34          0            1            1            0.89         1           
67           05:35-05:39          0            1            1            1.12         1           
68           05:40-05:44          0            1            1            1.56         1           
69           05:45-05:49          0            2            2            2.43         2           
70           05:50-05:54          0            2            2            4.10         2           
71           05:55-05:59          0            3            3            7.30         3           
72           06:00-06:04          0            4            4            13.14        4           
73           06:05-06:09          0            5            5            23.20        5           
74           06:10-06:14          0            6            6            39.20        6           
75           06:15-06:19          0            8            8            62.60        8           
76           06:20-06:24          0            10           10           94.09        10          
77           06:25-06:29          0            12           12           133.43       12          
78           06:30-06:34          1            13           12           153.72       12          
79           06:35-06:39          2            15           13           174.87       13          
80           06:40-06:44          3            17           14           195.74       14          
81           06:45-06:49          1            19           18           311.82       18          
82           06:50-06:54          3            20           17           298.16       17          
83           06:55-06:59          22           22           0            0.00         0           
84           07:00-07:04          25           25           0            0.02         0           
85           07:05-07:09          14           27           13           179.90       13          
86           07:10-07:14          17           28           11           128.05       11          
87           07:15-07:19          16           29           13           168.17       13          
88           07:20-07:24          46           30           -16          267.41       16          
89           07:25-07:29          45           44           -1           0.82         1           
90           07:30-07:34          64           54           -10          93.51        10          
91           07:35-07:39          86           74           -12          148.43       12          
92           07:40-07:44          83           112          29           826.53       29          
93           07:45-07:49          126          123          -3           6.46         3           
94           07:50-07:54          85           171          86           7395.61      86          
95           07:55-07:59          70           145          75           5579.09      75          
96           08:00-08:04          84           92           8            60.85        8           
97           08:05-08:09          98           83           -15          231.59       15          
98           08:10-08:14          92           102          10           95.27        10          
99           08:15-08:19          90           101          11           124.87       11          
100          08:20-08:24          76           90           14           187.85       14          
101          08:25-08:29          105          65           -40          1587.93      40          
102          08:30-08:34          103          84           -19          354.36       19          
103          08:35-08:39          114          99           -15          234.30       15          
104          08:40-08:44          82           113          31           943.34       31          
105          08:45-08:49          66           80           14           187.71       14          
106          08:50-08:54          49           52           3            12.25        3           
107          08:55-08:59          47           39           -8           64.37        8           
108          09:00-09:04          52           37           -15          237.19       15          
109          09:05-09:09          58           37           -21          461.89       21          
110          09:10-09:14          38           38           0            0.10         0           
111          09:15-09:19          31           36           5            22.98        5           
112          09:20-09:24          49           33           -16          241.98       16          
113          09:25-09:29          35           35           0            0.10         0           
114          09:30-09:34          49           34           -15          213.62       15          
115          09:35-09:39          38           36           -2           5.69         2           
116          09:40-09:44          34           35           1            2.08         1           
117          09:45-09:49          36           34           -2           2.42         2           
118          09:50-09:54          19           34           15           230.68       15          
119          09:55-09:59          6            32           26           685.43       26          
120          10:00-10:04          10           30           20           414.24       20          
121          10:05-10:09          11           29           18           341.51       18          
122          10:10-10:14          15           29           14           201.07       14          
123          10:15-10:19          20           29           9            85.44        9           
124          10:20-10:24          24           30           6            31.97        6           
125          10:25-10:29          17           30           13           175.61       13          
126          10:30-10:34          13           30           17           295.00       17          
127          10:35-10:39          35           30           -5           27.20        5           
128          10:40-10:44          40           31           -9           80.19        9           
129          10:45-10:49          45           33           -12          133.40       12          
130          10:50-10:54          43           36           -7           55.88        7           
131          10:55-10:59          58           36           -22          464.68       22          
132          11:00-11:04          44           39           -5           24.49        5           
133          11:05-11:09          61           40           -21          453.32       21          
134          11:10-11:14          130          45           -85          7151.84      85          
135          11:15-11:19          209          91           -118         13994.28     118         
136          11:20-11:24          164          209          45           2068.13      45          
137          11:25-11:29          262          237          -25          629.92       25          
138          11:30-11:34          340          350          10           98.53        10          
139          11:35-11:39          364          508          144          20741.46     144         
140          11:40-11:44          281          581          300          89805.65     300         
141          11:45-11:49          305          450          145          21110.41     145         
142          11:50-11:54          318          382          64           4072.74      64          
143          11:55-11:59          290          361          71           5000.39      71          
144          12:00-12:04          246          316          70           4938.39      70          
145          12:05-12:09          187          268          81           6521.41      81          
146          12:10-12:14          221          200          -21          451.20       21          
147          12:15-12:19          188          192          4            15.53        4           
148          12:20-12:24          176          177          1            0.29         1           
149          12:25-12:29          185          159          -26          682.41       26          
150          12:30-12:34          104          164          60           3612.95      60          
151          12:35-12:39          67           118          51           2598.36      51          
152          12:40-12:44          81           76           -5           23.09        5           
153          12:45-12:49          34           68           34           1144.12      34          
154          12:50-12:54          33           52           19           356.11       19          
155          12:55-12:59          18           41           23           533.87       23          
156          13:00-13:04          14           32           18           333.01       18          
157          13:05-13:09          9            30           21           456.21       21          
158          13:10-13:14          9            29           20           394.80       20          
159          13:15-13:19          11           28           17           288.02       17          
160          13:20-13:24          6            28           22           463.75       22          
161          13:25-13:29          5            27           22           483.79       22          
162          13:30-13:34          6            27           21           422.85       21          
163          13:35-13:39          3            26           23           542.16       23          
164          13:40-13:44          5            26           21           436.64       21          
165          13:45-13:49          2            26           24           562.77       24          
166          13:50-13:54          0            25           25           645.43       25          
167          13:55-13:59          4            25           21           441.64       21          
168          14:00-14:04          1            25           24           573.17       24          
169          14:05-14:09          2            25           23           515.71       23          
170          14:10-14:14          4            25           21           421.50       21          
171          14:15-14:19          1            25           24           552.49       24          
172          14:20-14:24          3            24           21           453.05       21          
173          14:25-14:29          6            24           18           330.52       18          
174          14:30-14:34          11           24           13           175.92       13          
175          14:35-14:39          5            25           20           383.17       20          
176          14:40-14:44          3            24           21           458.80       21          
177          14:45-14:49          0            24           24           581.30       24          
178          14:50-14:54          2            24           22           470.85       22          
179          14:55-14:59          2            23           21           460.75       21          
180          15:00-15:04          0            23           23           541.61       23          
181          15:05-15:09          1            23           22           482.55       22          
182          15:10-15:14          2            23           21           430.63       21          
183          15:15-15:19          2            23           21           425.24       21          
184          15:20-15:24          0            22           22           505.36       22          
185          15:25-15:29          3            22           19           369.50       19          
186          15:30-15:34          0            22           22           490.72       22          
187          15:35-15:39          1            22           21           437.59       21          
188          15:40-15:44          3            22           19           351.02       19          
189          15:45-15:49          1            22           21           427.81       21          
190          15:50-15:54          1            21           20           419.96       20          
191          15:55-15:59          3            21           18           334.71       18          
192          16:00-16:04          0            21           21           450.36       21          
193          16:05-16:09          6            21           15           224.01       15          
194          16:10-16:14          5            21           16           257.14       16          
195          16:15-16:19          12           21           9            81.33        9           
196          16:20-16:24          15           21           6            39.75        6           
197          16:25-16:29          26           22           -4           18.87        4           
198          16:30-16:34          26           22           -4           12.64        4           
199          16:35-16:39          14           23           9            80.94        9           
200          16:40-16:44          16           23           7            44.41        7           
201          16:45-16:49          25           22           -3           6.46         3           
202          16:50-16:54          31           23           -8           67.50        8           
203          16:55-16:59          34           23           -11          111.30       11          
204          17:00-17:04          60           26           -34          1162.54      34          
205          17:05-17:09          79           34           -45          2031.75      45          
206          17:10-17:14          99           44           -55          2972.44      55          
207          17:15-17:19          104          57           -47          2230.13      47          
208          17:20-17:24          114          68           -46          2117.74      46          
209          17:25-17:29          100          78           -22          466.03       22          
210          17:30-17:34          153          81           -72          5201.00      72          
211          17:35-17:39          163          113          -50          2546.60      50          
212          17:40-17:44          230          138          -92          8520.98      92          
213          17:45-17:49          197          190          -7           43.80        7           
214          17:50-17:54          249          200          -49          2437.68      49          
215          17:55-17:59          235          232          -3           11.81        3           
216          18:00-18:04          251          233          -18          330.09       18          
217          18:05-18:09          258          234          -24          571.57       24          
218          18:10-18:14          190          235          45           2011.84      45          
219          18:15-18:19          185          198          13           157.62       13          
220          18:20-18:24          169          174          5            30.02        5           
221          18:25-18:29          153          157          4            12.62        4           
222          18:30-18:34          144          138          -6           40.71        6           
223          18:35-18:39          151          119          -32          1000.74      32          
224          18:40-18:44          145          113          -32          1007.41      32          
225          18:45-18:49          107          108          1            1.00         1           
226          18:50-18:54          96           90           -6           31.05        6           
227          18:55-18:59          101          81           -20          396.76       20          
228          19:00-19:04          83           77           -6           40.68        6           
229          19:05-19:09          65           69           4            19.88        4           
230          19:10-19:14          67           61           -6           41.65        6           
231          19:15-19:19          71           55           -16          260.91       16          
232          19:20-19:24          50           52           2            3.43         2           
233          19:25-19:29          36           45           9            76.78        9           
234          19:30-19:34          50           37           -13          178.11       13          
235          19:35-19:39          34           34           0            0.03         0           
236          19:40-19:44          38           29           -9           84.34        9           
237          19:45-19:49          29           26           -3           11.35        3           
238          19:50-19:54          30           21           -9           74.19        9           
239          19:55-19:59          32           19           -13          170.27       13          
240          20:00-20:04          33           18           -15          212.31       15          
241          20:05-20:09          27           18           -9           80.23        9           
242          20:10-20:14          13           17           4            19.62        4           
243          20:15-20:19          16           16           0            0.08         0           
244          20:20-20:24          20           16           -4           20.15        4           
245          20:25-20:29          13           15           2            4.42         2           
246          20:30-20:34          14           14           0            0.17         0           
247          20:35-20:39          10           14           4            15.03        4           
248          20:40-20:44          14           13           -1           0.53         1           
249          20:45-20:49          9            13           4            15.41        4           
250          20:50-20:54          8            12           4            19.49        4           
251          20:55-20:59          18           12           -6           36.99        6           
252          21:00-21:04          16           12           -4           16.45        4           
253          21:05-21:09          24           12           -12          147.69       12          
254          21:10-21:14          8            12           4            16.57        4           
255          21:15-21:19          7            12           5            20.92        5           
256          21:20-21:24          11           11           0            0.04         0           
257          21:25-21:29          13           11           -2           4.01         2           
258          21:30-21:34          16           11           -5           26.24        5           
259          21:35-21:39          14           11           -3           10.04        3           
260          21:40-21:44          28           11           -17          298.67       17          
261          21:45-21:49          35           11           -24          577.28       24          
262          21:50-21:54          43           11           -32          998.65       32          
263          21:55-21:59          30           12           -18          318.23       18          
264          22:00-22:04          22           12           -10          97.21        10          
265          22:05-22:09          13           12           -1           1.64         1           
266          22:10-22:14          10           11           1            1.29         1           
267          22:15-22:19          16           11           -5           28.88        5           
268          22:20-22:24          15           10           -5           21.64        5           
269          22:25-22:29          5            10           5            25.78        5           
270          22:30-22:34          9            10           1            0.30         1           
271          22:35-22:39          4            9            5            26.86        5           
272          22:40-22:44          4            9            5            22.59        5           
273          22:45-22:49          1            8            7            54.03        7           
274          22:50-22:54          0            8            8            62.97        8           
275          22:55-22:59          0            8            8            56.97        8           
276          23:00-23:04          0            7            7            52.24        7           
277          23:05-23:09          0            7            7            48.38        7           
278          23:10-23:14          0            7            7            45.14        7           
279          23:15-23:19          0            7            7            42.27        7           
280          23:20-23:24          1            6            5            28.09        5           
281          23:25-23:29          0            6            6            37.74        6           
282          23:30-23:34          0            6            6            35.71        6           
283          23:35-23:39          0            6            6            33.77        6           
284          23:40-23:44          0            6            6            32.02        6           
285          23:45-23:49          0            6            6            30.37        6           
286          23:50-23:54          0            5            5            28.82        5           
287          23:55-23:59          0            5            5            27.32        5           

====================================================================================================
Daily Summary
====================================================================================================
MSE:                     932.8116
MAE:                     15.3403
True Total Volume:       11998
Predicted Total Volume:  13398
Total Volume Error:      1400
